3.000000 21.000000
4.000000 3.000000 1.000000 
0.052700 0.681700 0.704600 -55.264999 -8.795101 -21.893299 -20.884497 -81.725410 -11.441700 0.718100 -6.512459 0.484600 42.108700 85.613098 104.126404 0.379000 0.370100 0.814100 0.548979 0.614555 0.723900 57.059097 0.106700
-41.042099 68.429001 -21.474302 0.005100 -47.814701 0.217700 -73.990601 -26.452280 -114.840790 0.886300 -2.436935 -113.613495 0.051200 -24.313297 -92.372803 25.758902 0.070200 15.185301 -62.101997 -26.863699 0.139691 -91.516792 92.295601
0.680745 0.135800 2.779094 -78.546700 0.750800 -13.316097 0.036600 2.511998 0.389800 0.401100 8.453503 0.394900 27.306097 0.564900 0.599500 8.063406 0.699300 58.185902 -86.234711 0.665991 -0.365996 -33.251411 0.818600
52.673405 103.617401 0.213600 0.134027 0.744700 -45.350296 131.372406 0.903838 -27.426399 -58.991493 55.433094 0.161878 -10.315700 0.522212 45.563602 0.542879 -5.397598 0.804400 0.404200 0.582500 8.090597 -29.802801 0.337718
0.754000 -4.030999 121.157997 91.524506 0.499600 0.181100
60.131702 -77.431702 0.068900 0.004300 0.654677 62.310299
0.088600 50.798698 -45.854248 0.991500 0.490009 0.780800
0.170267 0.847500 0.407100 0.782400 0.083400
